src/demo/data_arus_final.json
{"header": { "parameterUnit": "m.s-1", "parameterCategory": 2, "parameterNumber": 3, "parameterNumberName": "Northward current", "refTime": "2022-06-01T00:00:00.000000000", "nx": 60, "ny": 36, "lo1": 110.00001525878906, "la1": -2.6666667461395264, "dx": 0.083333, "dy": 0.083333 }, "data":
[rows 18 to 35 of 36, columns 0 to 40 of 60]
0.04041446000337601,0.047542281448841095,0.04632001742720604,0.02527829259634018,0.009216408245265484,0.0013582296669483185,-0.0014689392410218716,0.003002431010827422,0.008450036868453026,0.014695318415760994,0.012215455994009972,0.011474179103970528,0.013069801032543182,0.013551169075071812,0.013432525098323822,0.013053732924163342,0.009415408596396446,0.0026312279514968395,-0.003575569251552224,-0.005782648921012878,-0.00832275953143835,-0.01814001426100731,-0.026449523866176605,-0.03254259005188942,-0.03482262045145035,-0.03494596853852272,-0.03357771784067154,-0.03226456046104431,-0.028920132666826248,-0.03581104055047035,-0.0369182750582695,-0.03148092329502106,-0.021263163536787033,-0.004933460615575314,0.008928971365094185,0.017235372215509415,0.02515670657157898,0.0372660756111145,0.04185612127184868,0.04301147535443306,0.03135598450899124
0.0065428512170910835,0.02344290167093277,0.033121783286333084,0.022757217288017273,0.005373792722821236,7.858825847506523e-05,0.0005789413116872311,-0.0009204992093145847,-0.0028329393826425076,-0.0027891849167644978,0.004281068220734596,0.007588233333081007,0.010661412961781025,0.013553403317928314,0.014744123443961143,0.013922440819442272,0.009803930297493935,0.002631797455251217,-0.003736142534762621,-0.004387921653687954,-0.005791285540908575,-0.013277643360197544,-0.021727830171585083,-0.029099535197019577,-0.03341371566057205,-0.0339062474668026,-0.02515561319887638,-0.009674959816038609,-0.001399259315803647,-0.012259877286851406,-0.014638908207416534,-0.009307928383350372,-0.0033327541314065456,0.00709979422390461,0.010585008189082146,0.012005750089883804,0.018339157104492188,0.03278350830078125,0.04104118421673775,0.0412297323346138,0.03479006141424179
-0.025284964591264725,0.010700581595301628,0.03214824199676514,0.023248720914125443,-0.002597507555037737,-0.005284200422465801,-0.004568424075841904,-0.006563592702150345,-0.01013923529535532,-0.012080236338078976,-0.005206232890486717,0.0003874930553138256,0.0062805889174342155,0.011086682789027691,0.01446917187422514,0.01389193907380104,0.012128978967666626,0.007595337461680174,0.002314661629498005,-0.00031522009521722794,-0.0030943118035793304,-0.007720535155385733,-0.01177617721259594,-0.016264334321022034,-0.020532839000225067,-0.02274029143154621,-0.017086312174797058,-0.005698456894606352,-0.0009387468453496695,0.0016942189540714025,0.0065246885642409325,0.012271636165678501,0.016901593655347824,0.01651717908680439,0.008975200355052948,0.0111252311617136,0.020310040563344955,0.03140336647629738,0.03835553675889969,0.039004914462566376,0.033956386148929596
-0.021595872938632965,-0.008002081885933876,-0.01665787398815155,-0.014117050915956497,-0.01189502514898777,-0.010491278022527695,-0.012289591133594513,-0.014554623514413834,-0.01724151521921158,-0.01720455288887024,-0.012519159354269505,-0.00715052243322134,0.003005211241543293,0.008682706393301487,0.013314379379153252,0.016109714284539223,0.018468834459781647,0.01855127513408661,0.013696607202291489,0.008670947514474392,0.00721107330173254,0.006393500603735447,0.00471684942021966,0.0042178514413535595,0.0010659042745828629,-0.007389190141111612,-0.015356604941189289,-0.01960674114525318,-0.014818375930190086,0.008423804305493832,0.012819208204746246,0.01560569740831852,0.020243806764483452,0.022290466353297234,0.01948879472911358,0.023196006193757057,0.030197788029909134,0.03412698581814766,0.03812136873602867,0.03861035779118538,0.027883261442184448
-0.027457818388938904,-0.038719017058610916,-0.061247359961271286,-0.04387623444199562,-0.02471126988530159,-0.019924554973840714,-0.016011126339435577,-0.019542129710316658,-0.023882530629634857,-0.02249610610306263,-0.01731342449784279,-0.009786577895283699,0.002249130979180336,0.013364016078412533,0.01705450750887394,0.020155100151896477,0.024593587964773178,0.027636893093585968,0.02403070405125618,0.019309785217046738,0.020522700622677803,0.024364957585930824,0.021303944289684296,0.016095837578177452,0.012255826964974403,0.001703509595245123,-0.010048974305391312,-0.015779878944158554,-0.009192854166030884,0.011600133962929249,0.014632066711783409,0.01830194890499115,0.022939156740903854,0.02766135148704052,0.030551021918654442,0.0328478179872036,0.03259731084108353,0.03616073727607727,0.04349548742175102,0.04137801751494408,0.019671108573675156
-0.046781640499830246,-0.053168293088674545,-0.05853576585650444,-0.040944699198007584,-0.029663773253560066,-0.02899601310491562,-0.024650095030665398,-0.02200682833790779,-0.025839662179350853,-0.02636394090950489,-0.02134701795876026,-0.013148846104741096,0.007077598478645086,0.023726772516965866,0.021033644676208496,0.022619597613811493,0.02697785757482052,0.0306286308914423,0.030231956392526627,0.027980562299489975,0.02866014465689659,0.03300902247428894,0.03391460329294205,0.027493804693222046,0.020615819841623306,0.012390796095132828,0.003742701606824994,-0.002148096915334463,0.0003856776747852564,0.011919503100216389,0.01817869395017624,0.02413051761686802,0.029941868036985397,0.03597003221511841,0.0429629310965538,0.046837158501148224,0.04171452298760414,0.036330558359622955,0.029928404837846756,0.02503933757543564,0.007905067875981331
-0.047468401491642,-0.04788126051425934,-0.04595967382192612,-0.029307466000318527,-0.0203365720808506,-0.021835504099726677,-0.022660521790385246,-0.018022652715444565,-0.01746552623808384,-0.022631919011473656,-0.020682252943515778,-0.007310415152460337,0.00895923376083374,0.012922940775752068,0.014473296701908112,0.020337343215942383,0.026737114414572716,0.03360183164477348,0.03798353672027588,0.039114370942115784,0.03841749206185341,0.03806638717651367,0.03743652626872063,0.03298093378543854,0.025600023567676544,0.019307345151901245,0.013430548831820488,0.006679352838546038,0.006072474643588066,0.012367826886475086,0.017664968967437744,0.02318718656897545,0.030414672568440437,0.040812037885189056,0.0513702817261219,0.05562769994139671,0.0492607057094574,0.03456076979637146,0.019052846357226372,0.011867610737681389,-0.000927251297980547
-0.044528163969516754,-0.03378279507160187,-0.023729080334305763,-0.015016237273812294,-0.010792740620672703,-0.011924514546990395,-0.012872090563178062,-0.008148644119501114,-0.008014148101210594,-0.018051542341709137,-0.017996834591031075,-0.016331274062395096,-0.012998982332646847,-0.012103470973670483,0.0007636116351932287,0.015458185225725174,0.030802540481090546,0.04233776405453682,0.04670774191617966,0.04821840673685074,0.04671233892440796,0.043669842183589935,0.0375310480594635,0.03068169578909874,0.02454441413283348,0.019412053748965263,0.01466319803148508,0.011167032644152641,0.012263955548405647,0.01318899355828762,0.014129201881587505,0.017486194148659706,0.02463417872786522,0.033704012632369995,0.0410802885890007,0.04702266678214073,0.04580053687095642,0.03594508022069931,0.02334527298808098,0.015902448445558548,0.008302450180053711
-0.034885428845882416,-0.014259212650358677,6.32070004940033e-05,-0.0037192581221461296,-0.005613686051219702,-0.005262309219688177,-0.004974275827407837,0.0007305420003831387,0.0005755596794188023,-0.011274888180196285,-0.023270491510629654,-0.03194877877831459,-0.03234205022454262,-0.018991129472851753,-0.006160857155919075,0.011495797894895077,0.03617537021636963,0.05517584830522537,0.05905543640255928,0.056952670216560364,0.05263783037662506,0.04883825406432152,0.041650623083114624,0.03307917341589928,0.02596910297870636,0.019921911880373955,0.015116621740162373,0.01385910902172327,0.015315667726099491,0.013098898343741894,0.0120298583060503,0.013453652150928974,0.015976306051015854,0.019614744931459427,0.021602053195238113,0.024789290502667427,0.027914399281144142,0.03010234236717224,0.025057777762413025,0.022499825805425644,0.023925088346004486
-0.014836078509688377,-0.007982205599546432,-0.003958362154662609,0.002705383114516735,0.000977745745331049,0.0069449106231331825,0.005087687633931637,0.004291422665119171,0.001969217089936137,-0.008753432892262936,-0.02235073782503605,-0.02906455658376217,-0.029673542827367783,-0.014030673541128635,-0.001336543122306466,0.016358785331249237,0.04574510455131531,0.07758623361587524,0.07136472314596176,0.061342209577560425,0.05413065850734711,0.05181864649057388,0.046620387583971024,0.0398268848657608,0.033021263778209686,0.02679629996418953,0.02172774448990822,0.019301634281873703,0.018439967185258865,0.01605093665421009,0.014481824822723866,0.01412650290876627,0.012184911407530308,0.011847814545035362,0.010319671593606472,0.008685119450092316,0.008192857727408409,0.011881198734045029,0.01554295513778925,0.019287634640932083,0.024550799280405045
-0.004071973264217377,0.002536650048568845,-0.005863436497747898,0.018150685355067253,0.012369994074106216,0.017972417175769806,0.01081007905304432,0.002312213182449341,-0.005242887884378433,-0.01056229043751955,-0.01769428141415119,-0.016024935990571976,-0.01431236881762743,-0.0037725972943007946,0.007367355283349752,0.02188466675579548,0.04241454601287842,0.07294773310422897,0.06324894726276398,0.058303263038396835,0.05407927930355072,0.051106978207826614,0.050292424857616425,0.04558349400758743,0.03886530548334122,0.03278205543756485,0.028765816241502762,0.025741565972566605,0.023557022213935852,0.02242666855454445,0.02032146230340004,0.01679002121090889,0.014820394106209278,0.01364470086991787,0.010466589592397213,0.007442127913236618,0.00046734721399843693,-0.00024132383987307549,0.007413380779325962,0.011422382667660713,0.013351477682590485
0.011662175878882408,0.03578881919384003,-0.0013693859800696373,0.015671536326408386,0.018977226689457893,0.022867176681756973,0.011375250294804573,0.0006019093561917543,-0.009085621684789658,-0.011270098388195038,-0.00943207647651434,-0.006445732899010181,-0.0033338896464556456,0.005772034637629986,0.014398540370166302,0.011888416483998299,0.01652156561613083,0.038994405418634415,0.04816587641835213,0.055686261504888535,0.05677899718284607,0.05291754752397537,0.05242184177041054,0.0487835593521595,0.04360692948102951,0.036823514848947525,0.033504728227853775,0.03162471204996109,0.030139602720737457,0.028364621102809906,0.025216175243258476,0.02044259011745453,0.019559985026717186,0.020798683166503906,0.021017618477344513,0.018701912835240364,0.00681837135925889,-0.00805738940834999,0.002386181615293026,0.007164154667407274,0.010805495083332062
0.006106246262788773,-9.422749280929565e-05,0.0009460379369556904,0.010156211443245411,0.023657724261283875,0.029325397685170174,0.019178295508027077,0.00642571784555912,-0.003908039070665836,-0.008754267357289791,-0.00446421280503273,-0.004108860157430172,-0.003098617075011134,0.006753162480890751,0.016320766881108284,0.0064774793572723866,-0.004923011176288128,-0.005564860999584198,0.040208637714385986,0.05226403847336769,0.0594991035759449,0.05948991701006889,0.05658445134758949,0.05063941702246666,0.04745667427778244,0.04474089294672012,0.04405747726559639,0.04241176322102547,0.03763203322887421,0.030315252020955086,0.02590716816484928,0.023029716685414314,0.024348532781004906,0.027287326753139496,0.029872547835111618,0.027637125924229622,0.01845717802643776,0.0015285597182810307,0.003311232663691044,0.0013502598740160465,0.009172910824418068
-0.027348849922418594,-0.04233923181891441,0.0013898075558245182,0.009957841597497463,0.025968283414840698,0.03132719174027443,0.02721184864640236,0.016017571091651917,0.0072395168244838715,-0.0015040780417621136,-0.003387601114809513,-0.002122655278071761,-0.0012860044371336699,0.0030855624936521053,0.007959291338920593,0.004364043939858675,-0.002462071133777499,-0.006598121486604214,0.03211772441864014,0.04220302775502205,0.05451241508126259,0.06260137259960175,0.06328697502613068,0.05354979261755943,0.04691014066338539,0.059157487004995346,0.06116824224591255,0.05701754242181778,0.04780842736363411,0.0309725571423769,0.023127438500523567,0.022007174789905548,0.02637108974158764,0.029864972457289696,0.031024115160107613,0.029530582949519157,0.026191018521785736,0.019337184727191925,0.01661127246916294,0.011360470205545425,0.013806654140353203
-0.025184180587530136,-0.028482280671596527,0.0046358793042600155,0.009251058101654053,0.023458437994122505,0.024940812960267067,0.02300696074962616,0.018172776326537132,0.012911912985146046,0.0045382315292954445,0.00012379756662994623,0.0018413022626191378,0.003976421896368265,0.006744428537786007,0.007196668069809675,0.009807175025343895,0.01601748913526535,0.01889779418706894,0.028291068971157074,0.03246614336967468,0.04330113157629967,0.06960176676511765,0.08640594780445099,0.07264914363622665,0.052530061453580856,0.06590662151575089,0.06675737351179123,0.06525402516126633,0.05879993736743927,0.04273543506860733,0.03178274258971214,0.02568170614540577,0.024427857249975204,0.02506977878510952,0.02464435249567032,0.034775178879499435,0.038276173174381256,0.031197447329759598,0.027362212538719177,0.023760225623846054,0.022121716290712357
-0.0013949002604931593,-0.004792958498001099,0.007574569899588823,0.0076693021692335606,0.01950211636722088,0.017073286697268486,0.014124017208814621,0.009196554310619831,0.0018841472920030355,-0.0008125880267471075,0.0021197577007114887,0.006559997797012329,0.008166256360709667,0.01108093187212944,0.015768343582749367,0.021506356075406075,0.03583674877882004,0.02692454122006893,0.0415957011282444,0.05431293696165085,0.04171966761350632,0.0822155773639679,0.10971677303314209,0.08761164546012878,0.051412008702754974,0.04613466188311577,0.04826312139630318,0.05774439498782158,0.06690360605716705,0.0665561854839325,0.05941104516386986,0.046961694955825806,0.03436638042330742,0.025049105286598206,0.02515454962849617,0.038687460124492645,0.049465082585811615,0.041839178651571274,0.033174168318510056,0.030347995460033417,0.02904459461569786
-0.011032099835574627,-0.004753865767270327,0.004572761245071888,0.005092612002044916,0.01646624505519867,0.009976272471249104,0.012194279581308365,0.0072164386510849,-0.008398869074881077,-0.014098471030592918,-0.00605359859764576,0.005842392332851887,0.011908612214028835,0.015153815969824791,0.012134401127696037,0.0355539433658123,0.06843163818120956,0.04688858985900879,0.06380881369113922,0.08945846557617188,0.055495601147413254,0.09103235602378845,0.11354685574769974,0.09042097628116608,0.04743635654449463,0.019422486424446106,0.013506472110748291,0.03384137898683548,0.059916555881500244,0.07834083586931229,0.08218049257993698,0.06805969029664993,0.06021415814757347,0.05713706091046333,0.062089815735816956,0.06980418413877487,0.0602516271173954,0.05183364823460579,0.03854052349925041,0.03636380285024643,0.035722583532333374
-0.03374078497290611,-0.01346914004534483,-0.004313757177442312,-0.0004289176722522825,0.016507109627127647,0.011973848566412926,0.026086654514074326,0.029113030061125755,0.005548512097448111,-0.004645457956939936,-0.0006241659284569323,9.883003076538444e-05,-0.0010507241822779179,0.0004949189606122673,-0.0017082634149119258,0.03840993344783783,0.09968659281730652,0.08060586452484131,0.06493858247995377,0.06876049190759659,0.06267432868480682,0.08218564838171005,0.10411865264177322,0.08913746476173401,0.0469844751060009,0.010553407482802868,-0.007214078679680824,0.003839893266558647,0.029379401355981827,0.0619015097618103,0.08582055568695068,0.0746922492980957,0.0762718990445137,0.09611961245536804,0.10893484950065613,0.12382911890745163,0.06786337494850159,0.06512650102376938,0.0477033406496048,0.04309955611824989,0.0414792001247406
