src/demo/data_arus_final.json
{"header": { "parameterUnit": "m.s-1", "parameterCategory": 2, "parameterNumber": 3, "parameterNumberName": "Northward current", "refTime": "2022-06-01T00:00:00.000000000", "nx": 60, "ny": 36, "lo1": 110.00001525878906, "la1": -2.6666667461395264, "dx": 0.083333, "dy": 0.083333 }, "data":
[rows 0 to 17 of 36, columns 0 to 40 of 60]
0.15028086304664612,0.10130028426647186,0.041050709784030914,0.0,0.0,0.0,0.0,0.0,0.0,0.0,0.0,0.0,0.0,0.0,0.0,0.0,0.0,0.0,0.0,0.0,0.0,0.0,0.0,0.0,0.0,0.0,0.0,0.0,0.0,0.0,0.0,0.0,0.0,0.0,0.0,0.0,0.0,0.0,0.0,0.0,0.0
0.13057371973991394,0.09362845122814178,0.05433366820216179,0.05390536040067673,0.0,0.0,0.0,0.0,0.0,0.0,0.0,0.0,0.0,0.0,0.0,0.0,0.0,0.0,0.0,0.0,0.0,0.0,0.0,0.0,0.0,0.0,0.0,0.0,0.0,0.0,0.0,0.0,0.0,0.0,0.0,0.0,0.0,0.0,0.0,0.0,0.0
0.12337961792945862,0.09358121454715729,0.06614501029253006,0.06975013017654419,0.0,0.0,0.0,0.0,0.0,0.0,0.0,0.0,0.0,0.0,0.0,0.0,0.0,0.0,0.0,0.0,0.0,0.0,0.0,0.0,0.0,0.0,0.0,0.0,0.0,0.0,0.0,0.0,0.0,0.0,0.0,0.0,0.0,0.0,0.0,0.0,0.0
0.13660606741905212,0.10495215654373169,0.09031276404857635,0.0,0.0,0.01885676383972168,0.027797725051641464,0.036032795906066895,0.0,0.0,0.0,0.0,0.0,0.0,0.0,0.0,0.013824778608977795,0.01428025308996439,0.0,0.0,0.0,0.0,0.0,0.0,0.0,0.0,0.0,0.0,0.0,0.0,0.0,0.0,0.0,0.0,0.0,0.0,0.0,0.0,0.0,0.0,0.0
0.12907251715660095,0.09632334858179092,0.07921625673770905,0.06481026113033295,0.014389521442353725,0.014196322299540043,0.02967073582112789,0.03875024616718292,0.0,0.0,0.0,0.0,0.0,0.0,-0.0031677375081926584,0.006943902000784874,0.013475832529366016,0.014629198238253593,0.014924431219696999,0.011971862986683846,-0.00013558566570281982,-0.013533940538764,-0.020577242597937584,0.0,0.0,0.0,0.0,0.0,0.0,0.0,0.0,0.0,0.0,0.0,0.0,0.0,0.0,0.0,0.0,0.0,0.0
0.1299864649772644,0.09086962789297104,0.05135955661535263,0.03905917704105377,0.01661965250968933,0.017119934782385826,0.030104249715805054,0.03441699221730232,0.030660444870591164,0.019928280264139175,0.00970801617950201,0.0037061586044728756,-0.003190080402418971,-0.007666553370654583,-0.007348659913986921,-0.001617607194930315,0.007380988448858261,0.01335314754396677,0.014249115251004696,0.016124535351991653,0.0012978841550648212,-0.0184189323335886,-0.02147321030497551,0.0,0.0,0.0,0.0,0.0,0.0,0.0,0.0,0.0,0.0,0.0,0.0,0.0,-0.004727228078991175,-0.008918573148548603,-0.015308310277760029,0.0,0.0
0.13318949937820435,0.09121233969926834,0.04437613859772682,0.031249482184648514,0.022988533601164818,0.02710508182644844,0.028555892407894135,0.026610465720295906,0.024212470278143883,0.014621513895690441,0.009083711542189121,0.005679810885339975,-0.004462352022528648,-0.007433288265019655,-0.007457558065652847,-0.005334143061190844,0.0017432973254472017,0.010213928297162056,0.016872595995664597,0.03439544886350632,0.0029029869474470615,-0.03305162861943245,-0.026994407176971436,0.0,0.0,0.0,0.0,0.0,0.0,0.0,0.0,0.0,0.0,0.0,0.0,0.0,-0.005536616779863834,-0.0029852453153580427,-0.02069111540913582,-0.02342764474451542,0.0
0.12263023853302002,0.0858876183629036,0.06062000244855881,0.04452602565288544,0.033769767731428146,0.032857611775398254,0.029375651851296425,0.029461991041898727,0.02478066459298134,0.018332766368985176,0.005915381480008364,-0.0033285797107964754,-0.007667959202080965,-0.0046940878964960575,0.0001989702577702701,0.0036826045252382755,0.0033075902611017227,-0.005200015380978584,0.0231467392295599,0.051808349788188934,0.011653567664325237,-0.04435325041413307,-0.03317486494779587,0.0,0.0,0.0,0.0,0.0,0.0,0.0,0.0,0.0,0.0,0.0,0.0,-0.027111561968922615,-0.021778788417577744,-0.0034242968540638685,-0.015716124325990677,-0.02349821664392948,-0.0197763629257679
0.12720805406570435,0.08370380103588104,0.07758499681949615,0.07427264750003815,0.04610377177596092,0.03671091049909592,0.033046238124370575,0.029299378395080566,0.026856275275349617,0.024560920894145966,0.004539598245173693,-0.007714271545410156,-0.00645836815237999,-0.002527692122384906,0.004851597361266613,0.010383049957454205,0.007431335281580687,-0.0005337013863027096,0.020685236901044846,0.05544489994645119,0.023434313014149666,-0.032421454787254333,-0.026951167732477188,0.0,0.0,0.0,-0.008145065978169441,-0.01254830602556467,-0.022951819002628326,-0.033292192965745926,0.0,0.0,0.0,-0.035373754799366,-0.040493302047252655,-0.03759795427322388,-0.044918645173311234,-0.016178658232092857,-0.009726093150675297,-0.02225632220506668,-0.011288019828498363
0.13437525928020477,0.08741875737905502,0.07337374240159988,0.09239336103200912,0.0601426437497139,0.049075160175561905,0.02674277499318123,0.021303612738847733,0.024239711463451385,0.025213979184627533,0.007211649790406227,0.0005746121169067919,0.0006299644592218101,-0.0011273585259914398,-0.0024597649462521076,-0.0010048948461189866,0.012449218891561031,0.025559306144714355,0.033626556396484375,0.045903924852609634,0.020735953003168106,-0.0038389298133552074,-0.014954729937016964,0.0,0.0,-0.027125878259539604,-0.009611901827156544,-0.00496686901897192,-0.02619001269340515,-0.03635615482926369,-0.040594615042209625,-0.06223422661423683,-0.05866824463009834,-0.03327092528343201,-0.038174208253622055,-0.04886453226208687,-0.06833720952272415,-0.052077893167734146,-0.05261031165719032,-0.03919582441449165,-0.006229132413864136
0.12056885659694672,0.10076776146888733,0.0700903907418251,0.08000536262989044,0.062318574637174606,0.05954606086015701,0.03661614656448364,0.02305421605706215,0.017707310616970062,0.013086661696434021,0.004842185415327549,-0.0009222719236277044,-0.0055320365354418755,-0.012280728667974472,-0.01664717122912407,0.001744027715176344,0.022907767444849014,0.038938067853450775,0.050791334360837936,0.04772534221410751,0.03089960105717182,0.026897067204117775,0.011413117870688438,0.0,-0.07250154763460159,-0.053610704839229584,-0.029481656849384308,-0.021098587661981583,-0.034480705857276917,-0.035485751926898956,-0.039279755204916,-0.06938041746616364,-0.09691483527421951,-0.08069027960300446,-0.06811048090457916,-0.07382895797491074,-0.09002668410539627,-0.07696051150560379,-0.0793190449476242,-0.07444815337657928,-0.050849899649620056
0.09674537181854248,0.09843174368143082,0.08037414401769638,0.059326592832803726,0.056463126093149185,0.061522599309682846,0.05281534418463707,0.028571806848049164,0.010381583124399185,0.0014286716468632221,-0.004291085060685873,-0.01253285352140665,-0.017840614542365074,-0.0190499909222126,-0.015009211376309395,0.012094824574887753,0.025150174275040627,0.03727339208126068,0.04667912796139717,0.04933209717273712,0.0340370312333107,0.024694621562957764,0.009049689397215843,-0.034594904631376266,-0.08687642961740494,-0.07155799865722656,-0.06114169582724571,-0.07256799936294556,-0.04050644487142563,-0.02964402735233307,-0.04174558073282242,-0.0675307884812355,-0.09009192883968353,-0.09633108228445053,-0.08168259263038635,-0.0784234032034874,-0.08229707181453705,-0.0792359858751297,-0.0785173699259758,-0.06933853030204773,-0.05981786921620369
0.08521585911512375,0.08102338016033173,0.07381263375282288,0.04677293822169304,0.04628781974315643,0.04679571092128754,0.04045645892620087,0.02217693254351616,0.007414226420223713,0.0017598674166947603,-0.0066680447198450565,-0.01128595881164074,-0.011043711565434933,-0.009302729740738869,-0.0038674052339047194,0.00840194895863533,0.014293396845459938,0.021672263741493225,0.02517705038189888,0.021802257746458054,0.0051634302362799644,-0.010441048070788383,-0.031037816777825356,-0.06290373206138611,-0.09535549581050873,-0.07650671154260635,-0.07322944700717926,-0.07734959572553635,-0.05043264478445053,-0.040885213762521744,-0.05779246985912323,-0.06393907219171524,-0.06175504997372627,-0.06594964116811752,-0.06584890186786652,-0.06974326074123383,-0.07612042129039764,-0.08112993836402893,-0.07807940244674683,-0.05113315209746361,-0.010677328333258629
0.0811534896492958,0.06676223129034042,0.05567551031708717,0.03958579897880554,0.029034938663244247,0.0264141783118248,0.01964811608195305,0.012594182975590229,0.007320866454392672,0.005186534021049738,0.0038392338901758194,0.0036606157664209604,0.0010645041475072503,-0.00044068368151783943,0.002871724311262369,0.006457232870161533,0.007385903969407082,0.006417358759790659,0.0020343377254903316,-0.003309555584564805,-0.01450854167342186,-0.031024044379591942,-0.04960382729768753,-0.06558024883270264,-0.07712244242429733,-0.06395328789949417,-0.060438577085733414,-0.05177190899848938,-0.04816840961575508,-0.0550512969493866,-0.06823018193244934,-0.0672011449933052,-0.06778741627931595,-0.06828238070011139,-0.0686279684305191,-0.07044390588998795,-0.07471573352813721,-0.07247273623943329,-0.06252812594175339,-0.03962397202849388,-0.00664143729954958
0.08185134083032608,0.05548659712076187,0.04575333744287491,0.03324800357222557,0.02116147056221962,0.017715759575366974,0.006464472971856594,0.0038371263071894646,0.0064126113429665565,0.008280491456389427,0.012847824953496456,0.012632494792342186,0.009786475449800491,0.01043929997831583,0.013028647750616074,0.014994237571954727,0.014842255041003227,0.008188992738723755,-0.0005949134938418865,-0.0078131640329957,-0.01810857467353344,-0.03259386494755745,-0.04545189440250397,-0.05314085632562637,-0.055333878844976425,-0.05058099329471588,-0.050335049629211426,-0.05015355721116066,-0.052058011293411255,-0.0643048882484436,-0.07332558929920197,-0.07567180693149567,-0.08015746623277664,-0.07351846992969513,-0.06782872974872589,-0.06446511298418045,-0.059002600610256195,-0.0516299270093441,-0.0371062345802784,-0.014873811043798923,-0.008779115974903107
0.07507163286209106,0.05429692566394806,0.04446934908628464,0.033454012125730515,0.02518860250711441,0.01297031994909048,-0.0018962167669087648,-0.002840918954461813,0.0037283487617969513,0.00954934861510992,0.013721692375838757,0.014271586202085018,0.01681625470519066,0.02141294814646244,0.022988149896264076,0.02306194417178631,0.019589170813560486,0.012511746026575565,0.0035560247488319874,-0.006266933865845203,-0.02049928344786167,-0.03310468792915344,-0.04068681597709656,-0.044767603278160095,-0.049196794629096985,-0.05216444656252861,-0.055137213319540024,-0.059387706220149994,-0.06649363785982132,-0.07391505688428879,-0.07886939495801926,-0.07605528086423874,-0.07066524773836136,-0.05914473906159401,-0.05344357341527939,-0.047435712069272995,-0.036696966737508774,-0.022704046219587326,-0.004614874720573425,0.010256629437208176,0.006193042267113924
0.07276411354541779,0.06074368953704834,0.04734502732753754,0.035372909158468246,0.02077765204012394,0.006612859666347504,-5.5920565500855446e-05,0.002344730542972684,0.005211829207837582,0.009347381070256233,0.013087684288620949,0.015802092850208282,0.018713325262069702,0.022748403251171112,0.02225283905863762,0.019062822684645653,0.014401400461792946,0.010130656883120537,0.004535254556685686,-0.006573808379471302,-0.021664991974830627,-0.03420604392886162,-0.038401179015636444,-0.041438594460487366,-0.04789876565337181,-0.05545816570520401,-0.05973546579480171,-0.06063638627529144,-0.06503844261169434,-0.07280566543340683,-0.0733741968870163,-0.0653894916176796,-0.05388639494776726,-0.04100749269127846,-0.03344370424747467,-0.022164031863212585,-0.01086672767996788,0.0032731592655181885,0.01758768782019615,0.025910913944244385,0.02160467952489853
0.07376579940319061,0.06351727247238159,0.04501575604081154,0.02976468950510025,0.01187232043594122,0.0006179548799991608,-0.0010223148856312037,0.00828794576227665,0.014361872337758541,0.017972346395254135,0.013606077060103416,0.015394382178783417,0.016324223950505257,0.01707598753273487,0.015833701938390732,0.013058037497103214,0.010009506717324257,0.005244344938546419,0.0006734281778335571,-0.0062006935477256775,-0.01636313833296299,-0.02856079861521721,-0.03364579379558563,-0.03862610086798668,-0.042847584933042526,-0.046091608703136444,-0.04854115471243858,-0.048826444894075394,-0.050638072192668915,-0.05722978711128235,-0.05544009059667587,-0.04781370237469673,-0.03837333992123604,-0.023808704689145088,-0.008885638788342476,0.004925708286464214,0.013190489262342453,0.02497047185897827,0.031721144914627075,0.03660104051232338,0.02972017601132393
