src/demo/data_arus_final.json
{"header": { "parameterUnit": "m.s-1", "parameterCategory": 2, "parameterNumber": 2, "parameterNumberName": "Eastward current", "refTime": "2022-06-01T00:00:00.000000000", "nx": 60, "ny": 36, "lo1": 110.00001525878906, "la1": -2.6666667461395264, "dx": 0.083333, "dy": 0.083333 }, "data":
[rows 0 to 17 of 36, columns 0 to 40 of 60]
-0.1177755668759346,-0.09650930762290955,-0.07290784269571304,0.0,0.0,0.0,0.0,0.0,0.0,0.0,0.0,0.0,0.0,0.0,0.0,0.0,0.0,0.0,0.0,0.0,0.0,0.0,0.0,0.0,0.0,0.0,0.0,0.0,0.0,0.0,0.0,0.0,0.0,0.0,0.0,0.0,0.0,0.0,0.0,0.0,0.0
-0.09087005257606506,-0.07274556159973145,-0.052437469363212585,-0.04487421363592148,0.0,0.0,0.0,0.0,0.0,0.0,0.0,0.0,0.0,0.0,0.0,0.0,0.0,0.0,0.0,0.0,0.0,0.0,0.0,0.0,0.0,0.0,0.0,0.0,0.0,0.0,0.0,0.0,0.0,0.0,0.0,0.0,0.0,0.0,0.0,0.0,0.0
-0.08550490438938141,-0.04798562452197075,-0.03817426413297653,-0.052537061274051666,0.0,0.0,0.0,0.0,0.0,0.0,0.0,0.0,0.0,0.0,0.0,0.0,0.0,0.0,0.0,0.0,0.0,0.0,0.0,0.0,0.0,0.0,0.0,0.0,0.0,0.0,0.0,0.0,0.0,0.0,0.0,0.0,0.0,0.0,0.0,0.0,0.0
-0.11921490728855133,-0.07711324840784073,-0.08766099810600281,0.0,0.0,-0.042774833738803864,-0.02826530858874321,-0.04861375316977501,0.0,0.0,0.0,0.0,0.0,0.0,0.0,0.0,-0.009350864216685295,0.0006218692287802696,0.0,0.0,0.0,0.0,0.0,0.0,0.0,0.0,0.0,0.0,0.0,0.0,0.0,0.0,0.0,0.0,0.0,0.0,0.0,0.0,0.0,0.0,0.0
-0.16322995722293854,-0.10282381623983383,-0.1123584508895874,-0.11684291064739227,-0.09669609367847443,-0.07589732110500336,-0.0673561543226242,-0.07949819415807724,0.0,0.0,0.0,0.0,0.0,0.0,-0.02995840646326542,-0.014378510415554047,-0.012558053247630596,0.00010135723277926445,0.014406525529921055,0.02041911520063877,0.022519320249557495,0.01712493598461151,0.011008658446371555,0.0,0.0,0.0,0.0,0.0,0.0,0.0,0.0,0.0,0.0,0.0,0.0,0.0,0.0,0.0,0.0,0.0,0.0
-0.18325039744377136,-0.1426563858985901,-0.11993031948804855,-0.11878985911607742,-0.1085217148065567,-0.096620112657547,-0.09231560677289963,-0.09026755392551422,-0.08424486219882965,-0.07972769439220428,-0.07663296908140182,-0.07186897099018097,-0.06658640503883362,-0.06200799345970154,-0.056907474994659424,-0.05325207859277725,-0.05651729926466942,-0.049972109496593475,-0.03117268532514572,-0.013920048251748085,-0.004599892999976873,-0.0037764504086226225,-0.006130299996584654,0.0,0.0,0.0,0.0,0.0,0.0,0.0,0.0,0.0,0.0,0.0,0.0,0.0,0.007993279956281185,0.006521428469568491,0.0009095245040953159,0.0,0.0
-0.20842432975769043,-0.17071422934532166,-0.13087205588817596,-0.1219773069024086,-0.10915695875883102,-0.09789073467254639,-0.09622223675251007,-0.09678495675325394,-0.09734026342630386,-0.09535232931375504,-0.0928753986954689,-0.095664381980896,-0.10099442303180695,-0.10263203084468842,-0.09933522343635559,-0.09269727021455765,-0.08746234327554703,-0.08340387046337128,-0.07172172516584396,-0.05300303176045418,-0.03722935542464256,-0.0327124260365963,-0.03430621325969696,0.0,0.0,0.0,0.0,0.0,0.0,0.0,0.0,0.0,0.0,0.0,0.0,0.0,-0.003785130800679326,6.803218275308609e-05,-0.011919967830181122,-0.014170331880450249,0.0
-0.1802307665348053,-0.1820213794708252,-0.16056478023529053,-0.1284266710281372,-0.11240828037261963,-0.10440933704376221,-0.09966843575239182,-0.09790340811014175,-0.09572164714336395,-0.09450304508209229,-0.09845389425754547,-0.10793187469244003,-0.11432266980409622,-0.10827145725488663,-0.09357327222824097,-0.07860694825649261,-0.08918102085590363,-0.11397091299295425,-0.11310409009456635,-0.10102465748786926,-0.08256057649850845,-0.06708699464797974,-0.06477954238653183,0.0,0.0,0.0,0.0,0.0,0.0,0.0,0.0,0.0,0.0,0.0,0.0,-0.02489103190600872,-0.02522742934525013,-0.046857304871082306,-0.046867385506629944,-0.015367962419986725,0.005509262904524803
-0.16551020741462708,-0.1797473430633545,-0.18904337286949158,-0.17531144618988037,-0.14543351531028748,-0.1290273368358612,-0.11750500649213791,-0.11361478269100189,-0.11335654556751251,-0.11183929443359375,-0.11073335260152817,-0.10530892014503479,-0.09748882055282593,-0.09480735659599304,-0.09682362526655197,-0.10352318733930588,-0.1269298642873764,-0.1582070291042328,-0.1593908965587616,-0.1344165802001953,-0.1111162081360817,-0.09358437359333038,-0.08395563811063766,0.0,0.0,0.0,-0.01595434360206127,-4.850933328270912e-05,-0.022453295066952705,-0.06173208728432655,0.0,0.0,0.0,-0.047312214970588684,-0.03089405782520771,-0.04777193069458008,-0.05504269152879715,-0.06542405486106873,-0.0766259953379631,-0.06205929070711136,-0.04578803479671478
-0.14989258348941803,-0.1520126610994339,-0.16257672011852264,-0.18052922189235687,-0.1851341426372528,-0.1689063012599945,-0.14834018051624298,-0.13744120299816132,-0.1341712474822998,-0.1328430026769638,-0.1302802860736847,-0.12567414343357086,-0.11774756014347076,-0.1138811856508255,-0.12076694518327713,-0.1359369456768036,-0.15055693686008453,-0.15782606601715088,-0.1654902547597885,-0.1303483247756958,-0.08848108351230621,-0.09299226850271225,-0.11089708656072617,0.0,0.0,-0.04831097275018692,-0.04634810611605644,-0.05975686013698578,-0.06775981187820435,-0.07033169269561768,-0.0795588567852974,-0.09376706182956696,-0.09652499109506607,-0.08913520723581314,-0.08400455117225647,-0.08194205164909363,-0.0762123093008995,-0.09042520821094513,-0.12145194411277771,-0.13314945995807648,-0.12137898057699203
-0.15009304881095886,-0.15419936180114746,-0.16244558990001678,-0.16616427898406982,-0.18362359702587128,-0.20040306448936462,-0.19447524845600128,-0.1664043664932251,-0.14663879573345184,-0.14022791385650635,-0.13493233919143677,-0.13575449585914612,-0.14372433722019196,-0.16668090224266052,-0.1957901120185852,-0.2064390331506729,-0.2043386995792389,-0.21055370569229126,-0.22505053877830505,-0.2134791910648346,-0.153850257396698,-0.134755939245224,-0.17178112268447876,0.0,-0.10709889978170395,-0.0745772197842598,-0.0955185666680336,-0.13074471056461334,-0.15523850917816162,-0.15869420766830444,-0.1569596379995346,-0.15473206341266632,-0.14477285742759705,-0.1274285614490509,-0.10582205653190613,-0.07810883224010468,-0.06339321285486221,-0.08169392496347427,-0.10688740015029907,-0.11086039245128632,-0.11740237474441528
-0.18622207641601562,-0.21141335368156433,-0.21309877932071686,-0.21641117334365845,-0.23359231650829315,-0.24219173192977905,-0.25558972358703613,-0.26679736375808716,-0.2619480788707733,-0.2531905174255371,-0.2503153085708618,-0.252328485250473,-0.25697171688079834,-0.25249379873275757,-0.23780426383018494,-0.23143422603607178,-0.23865632712841034,-0.2557435631752014,-0.28237366676330566,-0.3013681173324585,-0.2617039978504181,-0.19961750507354736,-0.1853867471218109,-0.19056160748004913,-0.16632749140262604,-0.13952744007110596,-0.14317800104618073,-0.1431327760219574,-0.13382191956043243,-0.1293395459651947,-0.13203680515289307,-0.12676244974136353,-0.1284874826669693,-0.1347263753414154,-0.12878213822841644,-0.13036438822746277,-0.1512686163187027,-0.17705945670604706,-0.20027948915958405,-0.23083895444869995,-0.2588443160057068
-0.19235891103744507,-0.2161223441362381,-0.23219464719295502,-0.2456459403038025,-0.26852133870124817,-0.2830474078655243,-0.29127565026283264,-0.30667221546173096,-0.31735825538635254,-0.3196057081222534,-0.31867724657058716,-0.3103819489479065,-0.2903765141963959,-0.267020583152771,-0.2543136775493622,-0.2587752044200897,-0.2754335403442383,-0.29991427063941956,-0.32807087898254395,-0.35290512442588806,-0.36864665150642395,-0.3715879023075104,-0.36142536997795105,-0.33035969734191895,-0.2500523626804352,-0.1914968192577362,-0.18012908101081848,-0.16838502883911133,-0.14296533167362213,-0.11722142994403839,-0.11910099536180496,-0.13235382735729218,-0.1578071266412735,-0.18451060354709625,-0.20569615066051483,-0.22389966249465942,-0.23408138751983643,-0.2467026263475418,-0.263680100440979,-0.2663472294807434,-0.2542981803417206
-0.2716592252254486,-0.2789653539657593,-0.2834335267543793,-0.28981390595436096,-0.2966078817844391,-0.30647796392440796,-0.3149835467338562,-0.32183557748794556,-0.32750195264816284,-0.32437634468078613,-0.3179697096347809,-0.30937719345092773,-0.29177552461624146,-0.2744351327419281,-0.26743483543395996,-0.2697979211807251,-0.2787594199180603,-0.29539138078689575,-0.31636282801628113,-0.3348294198513031,-0.34586846828460693,-0.34334516525268555,-0.32697346806526184,-0.2967768609523773,-0.2484317421913147,-0.20914742350578308,-0.19427865743637085,-0.1907108724117279,-0.19588229060173035,-0.19259828329086304,-0.19376352429389954,-0.20564746856689453,-0.21583694219589233,-0.2319488525390625,-0.24360698461532593,-0.2462889552116394,-0.24386686086654663,-0.2369963675737381,-0.23090893030166626,-0.2273186892271042,-0.1924852877855301
-0.30682918429374695,-0.3069014847278595,-0.3093181848526001,-0.3132050335407257,-0.31648337841033936,-0.3172262907028198,-0.316775918006897,-0.3227875232696533,-0.3278234601020813,-0.3242861032485962,-0.3181995451450348,-0.30779576301574707,-0.2923453152179718,-0.279587060213089,-0.26972314715385437,-0.26265132427215576,-0.2617712616920471,-0.27020999789237976,-0.28503361344337463,-0.2985396385192871,-0.3056485950946808,-0.3045990467071533,-0.29459625482559204,-0.27592623233795166,-0.2566663324832916,-0.24768175184726715,-0.24600428342819214,-0.25004449486732483,-0.26236486434936523,-0.27485623955726624,-0.2792362868785858,-0.28141769766807556,-0.2824236750602722,-0.27553218603134155,-0.2653617858886719,-0.2521531283855438,-0.23769643902778625,-0.22531256079673767,-0.2183983474969864,-0.2193695455789566,-0.18711742758750916
-0.3035675287246704,-0.31870126724243164,-0.32409635186195374,-0.32583215832710266,-0.327822208404541,-0.3221036493778229,-0.3186495900154114,-0.3274728059768677,-0.33315494656562805,-0.32721030712127686,-0.3154597282409668,-0.3013644814491272,-0.2891068160533905,-0.28029167652130127,-0.27181512117385864,-0.2636275589466095,-0.25919413566589355,-0.26745569705963135,-0.2875230014324188,-0.3032793402671814,-0.3096836805343628,-0.309444785118103,-0.3041023313999176,-0.29792898893356323,-0.2907988131046295,-0.2873515188694,-0.29419320821762085,-0.30533891916275024,-0.31126081943511963,-0.310850590467453,-0.3079536557197571,-0.3036915063858032,-0.2950436770915985,-0.28036928176879883,-0.26291733980178833,-0.24588842689990997,-0.2297164648771286,-0.2146437019109726,-0.20576733350753784,-0.20964601635932922,-0.1910691261291504
-0.31759971380233765,-0.3336820602416992,-0.3459821045398712,-0.3491742014884949,-0.3411593437194824,-0.3297152817249298,-0.3303731083869934,-0.33594194054603577,-0.33389797806739807,-0.3249043822288513,-0.31395024061203003,-0.3024543523788452,-0.29116636514663696,-0.28333884477615356,-0.27821803092956543,-0.2746818959712982,-0.2739575505256653,-0.28018632531166077,-0.2943251132965088,-0.30783331394195557,-0.31728729605674744,-0.3245110809803009,-0.3270394206047058,-0.3245398998260498,-0.3224285840988159,-0.32311075925827026,-0.3269628584384918,-0.3307032585144043,-0.32525065541267395,-0.3119013011455536,-0.2979264259338379,-0.28609994053840637,-0.27582985162734985,-0.2601880729198456,-0.24443933367729187,-0.23419640958309174,-0.22354808449745178,-0.21419595181941986,-0.2123177945613861,-0.21486301720142365,-0.2037598043680191
-0.3002883791923523,-0.3239685595035553,-0.33392688632011414,-0.3354078233242035,-0.3289071023464203,-0.32450202107429504,-0.3298763036727905,-0.3379996120929718,-0.33757254481315613,-0.3267802894115448,-0.3145577013492584,-0.303703635931015,-0.29287946224212646,-0.2859484851360321,-0.2828790545463562,-0.28404444456100464,-0.2873450219631195,-0.29128843545913696,-0.30124732851982117,-0.3143728971481323,-0.32597291469573975,-0.3364729881286621,-0.33978381752967834,-0.3348733186721802,-0.3317658305168152,-0.3298042118549347,-0.3218451738357544,-0.3089207708835602,-0.2946785092353821,-0.2806043326854706,-0.26676449179649353,-0.2589847445487976,-0.2544803321361542,-0.24587289988994598,-0.23792020976543427,-0.22955287992954254,-0.21971245110034943,-0.21295669674873352,-0.20632091164588928,-0.19976794719696045,-0.19170452654361725
