src/demo/data_arus_final.json
{"header": { "parameterUnit": "m.s-1", "parameterCategory": 2, "parameterNumber": 2, "parameterNumberName": "Eastward current", "refTime": "2022-06-01T00:00:00.000000000", "nx": 60, "ny": 36, "lo1": 110.00001525878906, "la1": -2.6666667461395264, "dx": 0.083333, "dy": 0.083333 }, "data":
[rows 18 to 35 of 36, columns 0 to 40 of 60]
-0.23816587030887604,-0.2778172791004181,-0.2920214831829071,-0.2941197454929352,-0.28764548897743225,-0.2767246961593628,-0.27872833609580994,-0.2957424521446228,-0.3098154664039612,-0.3075460195541382,-0.3011449873447418,-0.2975490391254425,-0.2906992435455322,-0.2844085097312927,-0.2787535786628723,-0.27490460872650146,-0.2721787989139557,-0.27125632762908936,-0.27795276045799255,-0.290553480386734,-0.30130064487457275,-0.3091384172439575,-0.31356778740882874,-0.3125229477882385,-0.30851686000823975,-0.30227962136268616,-0.2931702435016632,-0.2819870710372925,-0.26592156291007996,-0.24850113689899445,-0.23851191997528076,-0.23823414742946625,-0.2405603677034378,-0.2420569807291031,-0.2402823269367218,-0.23459695279598236,-0.23431463539600372,-0.23866556584835052,-0.24655571579933167,-0.258370041847229,-0.26629090309143066
-0.21854519844055176,-0.2531551122665405,-0.2698517143726349,-0.27412354946136475,-0.28302717208862305,-0.2960096299648285,-0.3124968111515045,-0.32153353095054626,-0.31345999240875244,-0.2968200147151947,-0.29009610414505005,-0.2906990945339203,-0.28707730770111084,-0.2842693030834198,-0.28234952688217163,-0.2791078984737396,-0.2740935981273651,-0.2707418203353882,-0.2743903696537018,-0.2836242616176605,-0.2881489396095276,-0.29086390137672424,-0.2963610887527466,-0.29769840836524963,-0.2961733937263489,-0.2903963029384613,-0.28034859895706177,-0.27285876870155334,-0.25984200835227966,-0.24253273010253906,-0.22815318405628204,-0.22142399847507477,-0.2250751405954361,-0.22990287840366364,-0.2306411862373352,-0.22278288006782532,-0.21857988834381104,-0.2290901094675064,-0.2449534386396408,-0.2584983706474304,-0.26921844482421875
-0.2597501277923584,-0.27012428641319275,-0.25438550114631653,-0.2564019560813904,-0.2712138295173645,-0.2920008599758148,-0.3096126317977905,-0.3123636841773987,-0.30106744170188904,-0.28655943274497986,-0.280765563249588,-0.2794227600097656,-0.27559107542037964,-0.2726954519748688,-0.27112650871276855,-0.2707253098487854,-0.2710924744606018,-0.2736745774745941,-0.2760450541973114,-0.27512598037719727,-0.2698553502559662,-0.2602140009403229,-0.2501649260520935,-0.23847070336341858,-0.22332577407360077,-0.20742642879486084,-0.19643710553646088,-0.2029278427362442,-0.21972903609275818,-0.23358036577701569,-0.24235613644123077,-0.24305938184261322,-0.23978561162948608,-0.2318887859582901,-0.21894174814224243,-0.20536643266677856,-0.19049416482448578,-0.17890565097332,-0.17764249444007874,-0.18316419422626495,-0.19197328388690948
-0.12533248960971832,-0.12766654789447784,-0.16230952739715576,-0.2101496160030365,-0.24738281965255737,-0.2704102098941803,-0.2848765254020691,-0.28858324885368347,-0.28395694494247437,-0.2758226990699768,-0.27137622237205505,-0.26754385232925415,-0.26265949010849,-0.2580428719520569,-0.25417560338974,-0.2521512508392334,-0.25062131881713867,-0.24908772110939026,-0.24703024327754974,-0.24343906342983246,-0.2370564043521881,-0.2265120893716812,-0.21417514979839325,-0.20186956226825714,-0.1888526827096939,-0.18057678639888763,-0.18576747179031372,-0.1974957287311554,-0.20011195540428162,-0.19823428988456726,-0.20054477453231812,-0.20421887934207916,-0.2078680694103241,-0.20534220337867737,-0.19354572892189026,-0.18101687729358673,-0.16694499552249908,-0.1543523520231247,-0.1516672819852829,-0.15389081835746765,-0.1611044704914093
-0.22776959836483002,-0.26419445872306824,-0.25041070580482483,-0.22573694586753845,-0.23474271595478058,-0.24987779557704926,-0.259417325258255,-0.2614745497703552,-0.259355366230011,-0.25645124912261963,-0.25413021445274353,-0.2533425986766815,-0.25198784470558167,-0.24866075813770294,-0.24392922222614288,-0.23970524966716766,-0.23630565404891968,-0.23039031028747559,-0.22311191260814667,-0.22255288064479828,-0.22648566961288452,-0.2261780947446823,-0.22496867179870605,-0.22833356261253357,-0.23673775792121887,-0.2486259490251541,-0.25877222418785095,-0.24920393526554108,-0.22265975177288055,-0.21224752068519592,-0.21737508475780487,-0.21677865087985992,-0.20642586052417755,-0.1914011836051941,-0.18012510240077972,-0.17152900993824005,-0.1621711552143097,-0.1563703864812851,-0.15355730056762695,-0.15160606801509857,-0.1573621928691864
-0.277604877948761,-0.28670698404312134,-0.2518131136894226,-0.21454548835754395,-0.21438658237457275,-0.2309352308511734,-0.24105225503444672,-0.24184022843837738,-0.24046294391155243,-0.24043932557106018,-0.24335893988609314,-0.24813061952590942,-0.25056886672973633,-0.24465279281139374,-0.23466303944587708,-0.23067812621593475,-0.22768540680408478,-0.2194894552230835,-0.21153050661087036,-0.2151152789592743,-0.22794048488140106,-0.2382011115550995,-0.24515469372272491,-0.24913275241851807,-0.24574902653694153,-0.2407263219356537,-0.2388351708650589,-0.2284998595714569,-0.20981769263744354,-0.20272541046142578,-0.2078704535961151,-0.20977164804935455,-0.20175239443778992,-0.18955110013484955,-0.17814481258392334,-0.16092045605182648,-0.14297497272491455,-0.1358618438243866,-0.14618444442749023,-0.17683100700378418,-0.20464909076690674
-0.303325891494751,-0.298812597990036,-0.2688547670841217,-0.23900771141052246,-0.22631843388080597,-0.22228702902793884,-0.21558412909507751,-0.20608071982860565,-0.20067018270492554,-0.19982147216796875,-0.19980856776237488,-0.21064899861812592,-0.22738896310329437,-0.2263173609972,-0.21845392882823944,-0.22113586962223053,-0.2248205691576004,-0.22370845079421997,-0.22276578843593597,-0.22522911429405212,-0.2267007827758789,-0.2241521179676056,-0.22397011518478394,-0.22607015073299408,-0.22188277542591095,-0.21557709574699402,-0.21308504045009613,-0.2082097977399826,-0.20099037885665894,-0.1999780386686325,-0.2056981474161148,-0.21198910474777222,-0.21600519120693207,-0.22019030153751373,-0.22173763811588287,-0.21644999086856842,-0.21282939612865448,-0.21314087510108948,-0.2121172398328781,-0.2145848572254181,-0.21980907022953033
-0.27909308671951294,-0.2669873535633087,-0.23891925811767578,-0.2089647650718689,-0.19004885852336884,-0.17950047552585602,-0.17078490555286407,-0.158321812748909,-0.14305847883224487,-0.1346878707408905,-0.14765258133411407,-0.17564907670021057,-0.1931721717119217,-0.1944700926542282,-0.197922021150589,-0.20878688991069794,-0.2158229500055313,-0.21384723484516144,-0.20818060636520386,-0.20556525886058807,-0.20419614017009735,-0.20063841342926025,-0.19691413640975952,-0.1959196776151657,-0.1923142373561859,-0.18530325591564178,-0.17933449149131775,-0.1756986528635025,-0.17274342477321625,-0.17130538821220398,-0.17397993803024292,-0.17894504964351654,-0.18539541959762573,-0.19493989646434784,-0.2030465304851532,-0.20729003846645355,-0.21353384852409363,-0.22153235971927643,-0.22583149373531342,-0.22940132021903992,-0.234910249710083
-0.23496516048908234,-0.22972270846366882,-0.2061457633972168,-0.18077978491783142,-0.16634055972099304,-0.1611437350511551,-0.1611047089099884,-0.1559610217809677,-0.14618951082229614,-0.14831283688545227,-0.16671016812324524,-0.18616533279418945,-0.1905692219734192,-0.18561947345733643,-0.19260260462760925,-0.2071748673915863,-0.21491500735282898,-0.21389135718345642,-0.20834918320178986,-0.20188891887664795,-0.19657140970230103,-0.19199655950069427,-0.18772269785404205,-0.18400636315345764,-0.17673227190971375,-0.16671870648860931,-0.15866635739803314,-0.1533796489238739,-0.14692093431949615,-0.13989508152008057,-0.13794474303722382,-0.1412719488143921,-0.1459771990776062,-0.1517728567123413,-0.1598140150308609,-0.16697189211845398,-0.17533640563488007,-0.18633803725242615,-0.19474175572395325,-0.20173221826553345,-0.2087465077638626
-0.17490772902965546,-0.18549638986587524,-0.18256232142448425,-0.17058056592941284,-0.16720053553581238,-0.1688304990530014,-0.169476717710495,-0.16779503226280212,-0.16644960641860962,-0.17027993500232697,-0.17617446184158325,-0.17781628668308258,-0.17062295973300934,-0.16318751871585846,-0.16634270548820496,-0.18162205815315247,-0.19873635470867157,-0.20411691069602966,-0.1998538225889206,-0.1949615478515625,-0.19347672164440155,-0.19201363623142242,-0.18965233862400055,-0.18615122139453888,-0.178786501288414,-0.16918113827705383,-0.16124534606933594,-0.15399187803268433,-0.14426790177822113,-0.13361579179763794,-0.12602825462818146,-0.12384402751922607,-0.12459147721529007,-0.12467402219772339,-0.12631504237651825,-0.1272120177745819,-0.1280158907175064,-0.13145622611045837,-0.13531960546970367,-0.1420840471982956,-0.15063345432281494
-0.21551118791103363,-0.20574107766151428,-0.18184788525104523,-0.1683536022901535,-0.16330106556415558,-0.16066189110279083,-0.15793366730213165,-0.1528879553079605,-0.1486317217350006,-0.14710992574691772,-0.14513689279556274,-0.13992327451705933,-0.1332494616508484,-0.12253642827272415,-0.11600291728973389,-0.12887877225875854,-0.14852918684482574,-0.1551918387413025,-0.16282963752746582,-0.1758122444152832,-0.1832548826932907,-0.18494032323360443,-0.18449409306049347,-0.18250992894172668,-0.17660847306251526,-0.17002859711647034,-0.1656019538640976,-0.16151341795921326,-0.15516673028469086,-0.14589360356330872,-0.13547725975513458,-0.12859292328357697,-0.12547491490840912,-0.12091431021690369,-0.11351707577705383,-0.10332540422677994,-0.09449726343154907,-0.08816027641296387,-0.08053967356681824,-0.08231925964355469,-0.0938204824924469
-0.1796133816242218,-0.1672426462173462,-0.1566043347120285,-0.15789057314395905,-0.1558389812707901,-0.1486026793718338,-0.14053766429424286,-0.13026832044124603,-0.12021458894014359,-0.11198392510414124,-0.1119891032576561,-0.11590568721294403,-0.11620533466339111,-0.1148429736495018,-0.11935625970363617,-0.1347336769104004,-0.15138784050941467,-0.14982961118221283,-0.14941540360450745,-0.16462475061416626,-0.1741061955690384,-0.17793871462345123,-0.1789260357618332,-0.1773691624403,-0.17229895293712616,-0.16648344695568085,-0.16340677440166473,-0.16167470812797546,-0.1588096171617508,-0.15252169966697693,-0.1438928097486496,-0.1390753537416458,-0.13974374532699585,-0.13964034616947174,-0.1317194700241089,-0.11409911513328552,-0.09202796220779419,-0.08270003646612167,-0.08601925522089005,-0.08627631515264511,-0.08943657577037811
-0.11872480809688568,-0.14772868156433105,-0.1658247411251068,-0.16586646437644958,-0.16293613612651825,-0.15264779329299927,-0.13933303952217102,-0.1263359636068344,-0.11209696531295776,-0.10390061140060425,-0.10533524304628372,-0.10814419388771057,-0.11464895308017731,-0.12306243181228638,-0.12644875049591064,-0.13441559672355652,-0.1466212421655655,-0.14222022891044617,-0.14340603351593018,-0.1587984412908554,-0.1681920439004898,-0.17415282130241394,-0.17545203864574432,-0.17726896703243256,-0.177853062748909,-0.17554715275764465,-0.1705404371023178,-0.16415487229824066,-0.15734528005123138,-0.15065282583236694,-0.14859236776828766,-0.15133480727672577,-0.15585030615329742,-0.16007882356643677,-0.15959684550762177,-0.1507617086172104,-0.13824215531349182,-0.12412887066602707,-0.11573724448680878,-0.11949893832206726,-0.12583650648593903
-0.15058428049087524,-0.15187202394008636,-0.14440561830997467,-0.15005670487880707,-0.15438121557235718,-0.15320128202438354,-0.14984183013439178,-0.1484261453151703,-0.14514635503292084,-0.142570361495018,-0.14119845628738403,-0.1426568180322647,-0.15549178421497345,-0.17074108123779297,-0.17427848279476166,-0.17319142818450928,-0.1700001060962677,-0.15297065675258636,-0.14125801622867584,-0.14563870429992676,-0.15556630492210388,-0.16621755063533783,-0.16774554550647736,-0.16692213714122772,-0.17505693435668945,-0.18898044526576996,-0.1914917379617691,-0.17870213091373444,-0.16135497391223907,-0.14901727437973022,-0.14770406484603882,-0.15264329314231873,-0.1578473299741745,-0.16192731261253357,-0.16488789021968842,-0.16617001593112946,-0.16510438919067383,-0.1597573310136795,-0.152876615524292,-0.1417107731103897,-0.1257493644952774
-0.17594775557518005,-0.15211759507656097,-0.13773512840270996,-0.14212211966514587,-0.14288754761219025,-0.14190752804279327,-0.1506451815366745,-0.16421931982040405,-0.17219388484954834,-0.18039408326148987,-0.1889861822128296,-0.19508714973926544,-0.20048803091049194,-0.20358744263648987,-0.2010044902563095,-0.19379153847694397,-0.18008576333522797,-0.15897272527217865,-0.14188945293426514,-0.13685065507888794,-0.1451326310634613,-0.16098880767822266,-0.1661704033613205,-0.16177159547805786,-0.16911137104034424,-0.18554812669754028,-0.19479817152023315,-0.1912815272808075,-0.17941254377365112,-0.16677723824977875,-0.15513010323047638,-0.14625483751296997,-0.14165997505187988,-0.14372050762176514,-0.154245987534523,-0.1654113084077835,-0.16413941979408264,-0.153290256857872,-0.1440095752477646,-0.13432635366916656,-0.12382948398590088
-0.16815979778766632,-0.1468665897846222,-0.13809135556221008,-0.14091245830059052,-0.13685187697410583,-0.12824296951293945,-0.12768907845020294,-0.13409319519996643,-0.14359796047210693,-0.15597307682037354,-0.16541787981987,-0.1708630472421646,-0.17643041908740997,-0.17883659899234772,-0.1760985553264618,-0.1730239987373352,-0.16150309145450592,-0.14661426842212677,-0.1416580080986023,-0.1326393187046051,-0.12920726835727692,-0.14364829659461975,-0.14770808815956116,-0.13950029015541077,-0.14094996452331543,-0.15535897016525269,-0.17801502346992493,-0.20022816956043243,-0.21554967761039734,-0.22101756930351257,-0.21126511693000793,-0.18945087492465973,-0.16439363360404968,-0.1495402455329895,-0.1584046483039856,-0.1734696328639984,-0.16815245151519775,-0.15092016756534576,-0.13923664391040802,-0.13156500458717346,-0.12470029294490814
-0.14334817230701447,-0.13513626158237457,-0.13412803411483765,-0.1393280029296875,-0.13783776760101318,-0.1365446150302887,-0.13951195776462555,-0.13818299770355225,-0.1374141424894333,-0.14115571975708008,-0.14509938657283783,-0.14756044745445251,-0.15451809763908386,-0.16075626015663147,-0.1657084971666336,-0.17311404645442963,-0.15819531679153442,-0.14652061462402344,-0.15331655740737915,-0.14974041283130646,-0.13536447286605835,-0.12261104583740234,-0.11848222464323044,-0.11450515687465668,-0.11112279444932938,-0.11970655620098114,-0.1446775496006012,-0.17905254662036896,-0.21364881098270416,-0.24074049293994904,-0.25656166672706604,-0.2643398642539978,-0.2629817724227905,-0.25559094548225403,-0.24572214484214783,-0.2184218466281891,-0.18233485519886017,-0.15876398980617523,-0.14567293226718903,-0.13792288303375244,-0.1337490677833557
-0.13801226019859314,-0.13200631737709045,-0.13575780391693115,-0.14403334259986877,-0.14651797711849213,-0.1522022783756256,-0.1561233550310135,-0.13950785994529724,-0.11697603017091751,-0.110018290579319,-0.11259470134973526,-0.1159200593829155,-0.12191744148731232,-0.12201565504074097,-0.13394670188426971,-0.1582963466644287,-0.16079042851924896,-0.1512538343667984,-0.15323598682880402,-0.1622549444437027,-0.1559980809688568,-0.1308021992444992,-0.1092211902141571,-0.09599974006414413,-0.08328422158956528,-0.07639122009277344,-0.08062873035669327,-0.09851193428039551,-0.1291618049144745,-0.15990415215492249,-0.1810460090637207,-0.21190319955348969,-0.25138765573501587,-0.27636271715164185,-0.2797928750514984,-0.23968885838985443,-0.19250814616680145,-0.17687904834747314,-0.16663506627082825,-0.15646034479141235,-0.1520029753446579
